160
30.0 40.0
37.0 52.0 7.0 9
49.0 49.0 30.0 17
52.0 64.0 16.0 23
20.0 26.0 9.0 5
40.0 30.0 21.0 23
21.0 47.0 15.0 13
17.0 63.0 19.0 21
31.0 62.0 23.0 11
52.0 33.0 11.0 6
51.0 21.0 5.0 6
42.0 41.0 19.0 23
31.0 32.0 29.0 21
5.0 25.0 23.0 22
12.0 42.0 21.0 30
36.0 16.0 10.0 13
52.0 41.0 15.0 12
27.0 23.0 3.0 2
17.0 33.0 41.0 37
13.0 13.0 9.0 7
57.0 58.0 28.0 36
62.0 42.0 8.0 10
42.0 57.0 8.0 8
16.0 57.0 16.0 18
8.0 52.0 10.0 12
7.0 38.0 28.0 23
27.0 68.0 7.0 4
30.0 48.0 15.0 17
43.0 67.0 14.0 13
58.0 48.0 6.0 4
58.0 27.0 19.0 11
37.0 69.0 11.0 15
38.0 46.0 12.0 8
46.0 10.0 23.0 31
61.0 33.0 26.0 33
62.0 63.0 17.0 15
63.0 69.0 6.0 4
32.0 22.0 9.0 6
45.0 35.0 15.0 10
59.0 15.0 14.0 11
5.0 6.0 7.0 7
10.0 17.0 27.0 18
21.0 10.0 13.0 17
5.0 64.0 11.0 16
30.0 15.0 16.0 16
39.0 10.0 10.0 6
32.0 39.0 5.0 7
25.0 32.0 25.0 17
25.0 55.0 17.0 13
48.0 28.0 18.0 18
56.0 37.0 10.0 6
